((("array_product(" .
   [0 0 0 0 0 0 1 0 0 0 0 0 0 0])
  ("array_merge" .
   [0 0 0 0 0 0 0 0 0 1 0])
  ("array_sum(" .
   [0 0 0 0 0 0 2 1 0 0])
  ("$array)" .
   [0 0 0 0 0 0 4])
  ("array_rand(" .
   [0 0 0 0 0 0 1 0 0 0 0])
  ("$array" .
   [0 0 0 0 0 1])
  ("__METHOD__" .
   [0 0 0 0 1 0 0 0 1 0])
  ("PHP_EOL" .
   [0 0 0 0 0 0 1])
  ("namespace" .
   [0 0 0 0 1 0 0 0 0])
  ("__construct" .
   [0 0 0 0 0 1 0 0 0 0 0])
  ("bbb" .
   [1 0 0])
  ("sin(" .
   [1 0 0 0])
  ("var_dump(" .
   [0 0 0 0 0 1 3 0 0])
  ("$expression" .
   [0 0 0 0 0 0 0 0 0 0 2])
  ("$expression)" .
   [0 0 0 0 0 0 0 0 0 0 0 2])))
